timestamps:
  login: 1669609195818
  logout: 1669609203217
ipAddress: 127.0.0.1
logoutlocation:
  world: world
  x: 220.5
  y: 109.0
  z: 263.5
  yaw: -0.45000005
  pitch: 7.350001
ban:
  reason: '§4Banned:

    §rThe Ban Hammer has spoken!'
  timeout: 0
