timestamps:
  login: 1669609078529
  logout: 1669609210715
  kits:
    tools: 1669604868128
ipAddress: 127.0.0.1
logoutlocation:
  world: world
  x: 472.9108859333345
  y: 66.0
  z: 319.58069352167354
  yaw: 21.750427
  pitch: 16.949997
