timestamps:
  login: 1669610933822
  logout: 1669611045262
ipAddress: 127.0.0.1
logoutlocation:
  world: world
  x: 199.44546757080744
  y: 76.0
  z: 275.5321739466865
  yaw: -182.70001
  pitch: 36.15
